Best: [0.23309951 0.70592176 0.20608596 0.29359675 0.16964625 0.11609265 0.50976609 0.         0.76162648 0.4914212  0.48397477 0.52517819 0.17486185 0.9565783  0.47452451 0.12564644 0.83246159 0.20933326 0.53866114 0.64984401]
Up  : [0.37326862 0.70592176 0.20608596 0.29359675 0.26490084 0.19624585 0.50976609 0.22968997 0.76162648 0.4914212  0.48397477 0.52517819 0.17486185 0.9565783  0.47452451 0.12564644 0.83246159 0.38037217 0.53866114 0.64984401]
Low : [0.23309951 0.28639501 0.         0.2077881  0.16964625 0.11609265 0.15297893 0.         0.66826902 0.3278261  0.         0.47830793 0.08101455 0.44171308 0.37776811 0.03287463 0.38378215 0.20933326 0.05696235 0.13473026]
