Best: [0.29456918 0.51254841 0.91113721 1.04824051 0.94263713 0.61784522 0.22206491 0.7093858  0.99855334 1.17641106 0.17481119 0.19210982 0.28816746 0.03974738 0.6081772  0.65501136 0.02456562 0.53079022 0.49719707 0.78722177]
Up  : [0.1043441  0.7460543  0.65968969 1.09007388 1.01732735 1.13721768 1.09243515 0.84918703 0.87913109 0.96529158 0.35962634 0.85203202 0.9788879  1.25753096 0.59351093 1.03814461 0.72080906 0.52954155 1.60140733 0.84853226]
Low : [0.         0.54534653 0.52356308 0.74290799 0.99076817 0.77104239 0.14814123 0.73846732 0.60742729 0.2722548  0.20810068 0.32653299 0.28877288 0.12471289 0.         0.68467595 0.06822156 0. 0.56979381 0.3678601 ]
