Best: [0.         0.         0.06162747 0.06237777 0.08749439 0.02028175 0.00593613 0.         0.         0.05086354 0.39230152 0. 0.84560126 0.07684917 0.         0.         0.         0.06839887 0.         0.07298982]
Up  : [0.2006581  0.03414837 0.02650455 0.02417853 0.32806205 0. 0.06002384 0.         0.16458192 0.         0.4164848  0.20296096 0.87457894 0.4587141  0.22372277 0.04101    0.52025994 0. 0.18149355 0.18479785]
Low : [0.09085797 0.01593833 0.         0.         0.         0. 0.         0.         0.06803021 0.         0.16150262 0.01800759 0.47185134 0.         0.07895073 0.         0.2938097  0. 0.05634695 0.        ]
