Best: [0.48408392 0.08717873 0.29525925 0.56359954 1.41118227 0.83019539 0.68318198 0.         0.55540495 0.43219504 0.5664982  0.58173874 0.56604833 1.21370094 0.81388079 0.07502938 0.         0.32498975 0.4867994  0.72930023]
Up  : [0.41806874 3.76164992 0.23424944 0.64313351 1.78214515 0.9885023 0.64994287 0.         0.53851578 0.33611251 0.60009734 0.45902542 0.28824978 1.63410985 0.83755226 0.08183463 0.         0.46438189 0.54380658 0.73397441]
Low : [0.         0.         0.         0.         0.         0. 0.61168985 0.         0.         0.         0.58872362 0.44130732 0.12290531 0.         0.34769742 0.         0.         0.45667224 0.         0.        ]
