Best: [0.06030477 0.98605591 0.50030088 0.27142543 0.         0. 0.14946117 0.42520367 0.99819355 0.60945309 0.42921383 0.20563624 0.31408694 0.21927471 0.84545402 0.5708277  0.07807737 0.27716617 0.         0.71610028]
Up  : [0.06030477 0.98605591 0.50030088 0.27142543 0.06706953 0. 0.14946117 0.61000084 1.00060414 0.60945309 0.42921383 0.20563624 0.43597454 0.21927471 0.84545402 0.5708277  0.32829079 0.5263192 0.30258638 0.71610028]
Low : [0.         0.97883556 0.33171393 0.23041621 0.         0. 0.12585136 0.42520367 0.99819355 0.49188827 0.14154297 0.19264447 0.31408694 0.         0.51457966 0.09074931 0.07807737 0.27716617 0.         0.65083045]
