Best: [0.         0.23885872 0.07628288 0.08057881 0.         0. 0.         0.06655546 0.         0.00415384 0.29084355 0.43805682 0.39729592 0.18535642 0.85072917 1.20553285 0.         0.29205918 0.0402176  0.        ]
Up  : [0.37162892 0.35356369 0.07628288 0.08057881 0.         0.1403941 0.00908051 0.06655546 0.10982327 0.00415384 0.29084355 0.43805682 0.4422981  0.18535642 0.86032348 1.6565499  0.         0.29757399 0.24971853 0.        ]
Low : [0.         0.23885872 0.02922689 0.         0.         0. 0.         0.06410882 0.         0.         0.24762611 0.3390536 0.39729592 0.13219616 0.85072917 1.20553285 0.         0.29205918 0.0402176  0.        ]
