Best:[0.         0.00111935 0.         0.01125632 0.         0.03795608 0.00395957 0.         0.00047453 0.01970283 0.0044461  0.0102506 0.03929029 0.        ]
Up  : [8.63038209e-02 1.00343861e-01 0.00000000e+00 1.79847640e-03 5.44413730e-02 1.40150550e-03 2.39216751e-04 4.01761154e-03 1.31611331e-01 3.17611319e-02 0.00000000e+00 4.32148119e-01 2.31463908e-01 1.22387113e-02 1.09309975e-03 1.82407417e-02 1.30747000e-02 1.09148280e-01 6.62817623e-02 1.31504056e-01]
Low : [0.02436999 0.         0.         0.         0.         0. 0.         0.         0.         0.00491184 0.         0.23900876 0.08636114 0.         0.         0.00414631 0.         0. 0.01364074 0.07289122]
