Best: [0.3393673  0.45175677 0.         0.55629633 0.064671   0.13914831 0.02251571 0.1761995  0.         0.26913236 0.44406056 0.0157571 0.93045148 0.88178277 0.50573467 0.06394709 0.71615684 0.80103207 0.89108499 0.15036106]
Up  : [0.35214318 0.48384814 0.16769455 0.58216292 0.06882238 0.97474287 0.02847044 0.21321386 0.36193918 0.29251299 0.41735092 0.39992899 1.01249779 0.84581474 0.50393221 0.30095932 0.76633944 0.83685302 1.         0.86239386]
Low : [0.04873472 0.24334081 0.         0.30966675 0.         0.1327362 0.00161524 0.15870492 0.         0.20417074 0.27235562 0.01676858 0.90886424 0.80406578 0.36275359 0.08770468 0.59521374 0.14245939 0.90167174 0.13959867]
