Best: [0.48286934 0.18267562 0.26210539 0.67419283 0.32589405 0.98827611 0.36855135 0.35517122 0.6173563  0.15209655 0.03514851 0.59971165 0.46262528 0.06456849 0.7614372  0.32366461 0.57046181 0.29858075 0.         0.01408348]
Up  : [0.37291476 1.7516849  0.38399256 0.52426196 0.39248475 0.43959255 0.42846428 0.25933126 1.13814914 0.         0.23394781 0.39365157 0.94249954 1.21643227 0.74897885 0.02832324 1.79802599 0.45207634 0.29517203 0.66011207]
Low : [0.         0.40021136 0.         0.         0.21564845 0. 0.02126113 0.06354929 0.43042192 0.         0.         0.07972093 0.35060102 0.57883868 0.         0.         0.42988908 0. 0.         0.        ]
