Best: [0.54211433 0.1575964  0.77980603 0.00652726 0.6261653  0.96797079 0.30701096 0.         0.64406124 0.24988264 0.3993204  0.53344136 0.33109902 1.01396979 0.52295275 0.60569509 0.30874025 0.40312765 0.79013316 0.28999267]
Up  : [0.68153795 0.26928736 0.79118327 0.01057729 0.63231755 0.97756415 0.46199625 0.06074543 0.95864576 0.40593884 0.4095806  0.57999295 0.36321307 0.98207052 0.51890349 0.60034951 0.42544225 0.39555957 0.82537631 0.27122485]
Low : [0.52960067 0.16071318 0.66494312 0.00540768 0.24613007 0.94398704 0.28403217 0.         0.61074662 0.22504089 0.39037791 0.39942814 0.24019849 0.93846502 0.51714139 0.38028635 0.30932676 0.25793388 0.7637847  0.01539301]
