 Best: [3.30870950e-02 0.00000000e+00 6.17214911e-04 9.47903093e-01 5.65310744e-01 3.68887999e-02 6.16883536e-01 8.26059240e-02 1.29806698e-01 8.47916204e-01 1.68862003e-01 3.25183721e-01 1.10208599e+00 7.30797775e-02 1.76503160e-01 3.26447497e-02]
 Up  : [0.51204693 0.96720966 0.79971027 0.12738276 0.31316849 0.03138 0.09263134 0.94790309 0.56531074 0.0368888  0.61688354 0.80797176 0.5212069  0.8479162  0.168862   0.32518372 1.10208599 0.2090532 0.17650316 0.03264475]
 Low : [0.08885774 0.01916784 0.06357529 0.04177567 0.03308709 0. 0.00061721 0.0268354  0.16791381 0.         0.60734453 0.08260592 0.1298067  0.31466095 0.01182983 0.         0.29708924 0.07307978 0.01906862 0.01980021]
