Best: [0.43687069 0.46118993 0.         0.43053183 0.10043054 0.9289701 0.13340495 0.15632271 1.04696508 0.10076508 0.13415891 0. 0.44400614 0.11897957 0.26308319 0.17442192 0.05025395 0.00734473 0.32193807 0.17981838]
Up  : [0.71952425 0.16958741 0.15320006 0.43053183 0.         0.41491672 0.34666705 0.15632271 0.34596389 0.21449302 0.15838871 0.38364267 0.44400614 0.51307331 0.8591366  0.17442192 0.9218368  0.23248358 0.32193807 0.29364826]
Low : [0.43687069 0.         0.04346205 0.3439144  0.         0.00779181 0.13340495 0.08876067 0.28756441 0.13324809 0.13415891 0.33931215 0.4186     0.11897957 0.20945861 0.10522734 0.381285   0.00734473 0.04299322 0.02641514]
