Best: [0.05267034 0.         0.08349917 0.14478834 0.43349289 0.14744546 0.88304596 0.         0.48723039 0.3442066  0.20198233 0.59298642 0.34074243 0.         0.03833059 0.         0.31863925 0.23469042 0.17650104 0.24283058]
Up  : [0.36872192 0.68819152 1.00375822 0.24003656 0.43674919 0.20046365 0.32423678 1.61321332 0.48723039 0.46062729 0.11294304 0.46072664 0.34074243 0.67389687 0.85637296 0.55601569 0.31863925 0.23469042 0.2063808  0.24283058]
Low : [0.02835811 0.         0.12531334 0.09715325 0.43349289 0. 0.04360256 0.         0.31923825 0.3442066  0.         0.04077867 0.         0.427505   0.15035917 0.         0.31524842 0.1077887 0.17650104 0.        ]
