Best: [0.05433279 0.89459475 0.19064011 0.14348537 0.11465107 0.34154401 0.26059491 0.30167177 0.23412213 0.         0.         0.66818664 0.27357318 1.05783251 0.86267493 1.34029839 0.05111925 0.8395343 0.29397881 0.49821842]
Up  : [0.01740196 0.09637962 0.20345852 0.28872785 0.42761345 0.19729961 0.37606326 0.05101974 0.45864517 0.08259568 0.23166465 0.01474273 0.36805376 0.18088955 0.86267493 0.43420098 0.05111925 0.18740699 0.29397881 0.3890478 ]
Low : [0.01161685 0.04507733 0.09063372 0.00804181 0.11465107 0. 0.11368642 0.01606032 0.10147011 0.         0.12082025 0.00260569 0.27357318 0.07173759 0.8447759  0.08590054 0.         0.03741654 0.01133648 0.11154942]
