Best: [0.1382223  0.09020226 0.17860053 0.16591038 0.26359595 0.24227244 0.00524    0.04930747 0.03353493 0.08941735 0.30896974 0.2496606 0.44254874 0.28649746 0.04547769 0.         0.7826421  0.09827422 0.2309106  0.07620242]
Up  : [0.2362005  0.19017987 0.29158904 0.22321809 0.1411296  0.23419171 0.07924938 0.04930747 0.37645863 0.15994441 0.39659825 0.2496606 0.45996138 0.28649746 0.85150494 0.4277491  0.40244029 0.35639898 0.2309106  0.74276551]
Low : [0.1930864  0.09020226 0.29143543 0.16591038 0.00481152 0.10926417 0.00524    0.0220016  0.17565659 0.         0.30896974 0.24360038 0.44254874 0.02023155 0.83126951 0.05835713 0.00539335 0.05017786 0.12495677 0.16453345]
