Best: [0.30677199 0.18437924 0.08607071 0.95754656 0.16252401 0.99607313 0.45247569 0.0400674  0.03704623 0.09588747 0.09900038 0.45567716 0.98778523 0.01612149 0.06752315 0.10878059 0.09458564 0.02468714 0.04100373 0.01418515]
Up  : [0.31805016 0.18524514 0.2368699  0.95567409 0.98015199 0.99423707 0.49529365 0.31025632 0.1005627  0.22183275 0.09888159 0.93109378 0.98627077 0.16953847 0.12636274 0.11086464 0.42039632 0.14269713 0.1413463  0.21870154]
Low : [0.3077304  0.00442232 0.08612215 0.5343186  0.16164739 0.15951071 0.4544276  0.03910276 0.03701228 0.0949102  0.05582678 0.45713352 0.08022222 0.01643384 0.06961523 0.02323921 0.0918238  0.02553497 0.04006743 0.01467231]
