Best: [0.91030297 0.27767001 0.38450192 0.12267509 0.2369166  0.05650531 0.32636138 0.12318879 0.35505351 0.29691593 0.29561803 0.16175048 0.05945697 0.9354346  0.0750271  0.69643888 0.14732029 0.34281748 0.24322266 0.35711471]
Up  : [0.21862709 0.02005047 0.09241488 0.10596762 0.25439877 0.91667489 0.22647131 0.09186688 0.19349298 0.30369162 0.18623574 0.8766861 0.12733891 0.95769634 0.34041744 0.18300656 0.10375917 0.3320592 0.06951427 0.19254989]
Low : [0.07018489 0.01426366 0.09044895 0.09397738 0.19248585 0.879135 0.09944782 0.01634791 0.14905807 0.17805763 0.12399616 0.0166815 0.02857296 0.12087584 0.03758662 0.12594338 0.02132509 0.10877203 0.00985757 0.16423647]
