Best: [0.18324917 0.         0.47122408 0.         1.49284138 0.05463287 0.         0.02111967 0.55455142 0.08440871 0.21648313 0.29580746 0.22046606 0.24881194 0.85102146 0.         1.07224553 0.34180391 0.         0.55798144]
Up  : [0.37197397 1.11995722 0.11640546 0.18548539 1.49284138 0.23412317 0.46685194 0.02111967 0.41976775 0.0065026  0.21648313 0.23045149 1.14078029 0.57981825 0.85102146 0.44218652 0.08337399 0.47596998 0.43585393 0.51160992]
Low : [0.3359188  0.02197106 0.         0.04920349 0.48920336 0.05463287 0.00054793 0.         0.11530578 0.         0.10388416 0.09316906 0.31453354 0.0203545  0.09696216 0.29903454 0.         0.34180391 0.23500216 0.        ]
