Best: [0.31961724 0.0128789  0.31701287 0.15371055 0.98474741 0.57438942 0.05244791 0.2448192  0.20961616 0.34940167 0.05728854 0.07350926 0.26443673 0.8144884  0.02051146 0.07389874 0.01204516 0.13094079 0.79076299 0.13439391]
Up  : [0.38700703 0.11620907 0.36809796 0.35270569 0.98442487 0.93318999 0.14826198 0.24455034 0.27439958 0.35001249 0.05700269 0.07534932 0.61595867 0.86051467 0.44708845 0.22642234 0.13812333 0.13043966 0.78914348 0.18634964]
Low : [0.31945715 0.01282774 0.31919244 0.15331008 0.96931456 0.57429796 0.05014314 0.06001508 0.20890209 0.0666698  0.0245907  0.07507087 0.26815615 0.81408002 0.01961033 0.07375039 0.01239885 0.1188372 0.6334639  0.13394772]
