Best: [0.34671931 0.04960032 0.45515237 0.19243501 0.72722953 0.56989002 0.         0.23588283 0.53778165 0.         0.         0.83813666 0.27580469 0.64217568 0.11117556 0.1124538  0.78282847 0.2208171 0.30205179 0.07158704]
Up  : [0.34613488 0.4007638  0.27917098 0.25750028 0.44675181 0.76461636 0.40001636 0.76461636 0.12772914 0.13346641 0.17616044 0.74178847 0.67299119 0.81930522 0.06400586 0.35800196 0.50609695 0.23995936 0.29183647 0.21914494]
Low : [0.27076084 0.08679226 0.23261797 0.15899729 0.03360821 0.60222078 0.14905824 0.21861624 0.0709174  0.08314843 0.01471415 0.58603628 0.         0.72725405 0.02982041 0.06334032 0.33366666 0.07905606 0.22895625 0.16003434]
